1 2.0943951023932
11 0.672979894244868
21 0.142959754792032
31 0.0749528568916258
41 0.0247520039403875
51 0.208109498041771
61 0.0195532557791847
71 0.110170517331377
81 0.201965572583453
91 0.0270849513533418
101 0.144293086277919
111 0.00799701217654469
121 0.0997857613070536
131 0.113955541706827
141 0.000193777811575924
151 0.00403357051956954
161 0.0608882378401288
171 0.103801345866454
181 0.0809814400575668
191 0.222867425057147
201 0.0831914033500198
211 0.0822086328946354
221 0.0463559284972206
231 0.0508204754835466
241 0.0770115022591704
251 0.0273523024880515
261 0.129507955128608
271 0.0356501979507602
281 0.158383579893837
291 0.063636214884311
301 0.0946305221879611
311 0.0372681913503206
321 0.0560603188320123
331 0.0263782944752498
341 0.0528589232513741
351 0.001233424099083
361 0.0384835101003982
371 0.0710877890155466
381 0.0361439048040761
391 0.083100335204664
401 0.076724576179795
411 0.0707170889043303
421 0.00772243145389995
431 0.0702954751098246
441 0.0311294787641327
451 0.0130646608746181
461 0.00423177618411552
471 0.0933975736443262
481 0.011523960116941
491 0.0470927917432715
501 0.0329289640025392
511 0.111928637240661
521 0.0281626225146154
531 0.0947681275077881
541 0.00600431473654739
551 0.0102232845690611
561 0.0306118100182133
571 0.125210119276028
581 0.0386728224860642
591 0.0194408551654668
601 0.0674922788015286
611 0.0586109368745524
621 0.00681415637292693
631 0.00860178721831684
641 0.0422328045808333
651 0.0454559574221123
661 0.0935134425894266
671 0.0997085215033904
681 0.0718186859291432
691 0.0142138499976601
701 0.0294046462315536
711 0.104434384243072
721 0.0024035130629203
731 0.0373457325071693
741 0.0822135745324983
751 0.0813627472827458
761 0.0385672967717516
771 0.0316056492369912
781 0.0536315373377287
791 0.0440771659197758
801 0.0563632196059012
811 0.0119988643001476
821 0.0705699651656313
831 0.0371005788040284
841 0.000944219039650473
851 0.0525017839397965
861 0.0450970297404574
871 0.025102123491632
881 0.0253019808423809
891 0.0418929802242749
901 0.0204267432115506
911 0.044154399589023
921 0.0555052996108527
931 0.00907171276424545
941 0.0232276168898018
951 0.034014414000024
961 0.00423316448521671
971 0.0435037736288231
981 0.0057699993624647
991 0.0298494226301607
1001 0.00152243259219587
1011 0.0118729885457705
1021 0.00454892767759585
1031 0.0129209401385153
1041 0.000731074731370018
1051 0.022985154986221
1061 0.0422501872479062
1071 0.0330116020395304
1081 0.0102470350049941
1091 0.00188192754434846
1101 0.0288317242182101
1111 0.0532541329427771
1121 0.0743988799723043
1131 0.0111322311199635
1141 0.0484262158740347
1151 0.0455104221680349
1161 0.0825376798747879
1171 0.0542429464350827
1181 0.0378337470836283
1191 0.0415733486135017
1201 0.0181193429693858
1211 0.0345515857036958
1221 0.0207569565106813
1231 0.0209536521146112
1241 0.00619065561497889
1251 0.0334487031549586
1261 0.0056407118215418
1271 0.0363935536764735
1281 0.0424483326031524
1291 0.00846195460960386
1301 0.00349378597548267
1311 0.0145442439270034
1321 0.00258550105319388
1331 0.0451096155771888
1341 0.0345017549796296
1351 0.0311202104993678
1361 0.0404028745807556
1371 0.0205414570862392
1381 0.0548886515606455
1391 0.0097124172630334
1401 0.00177090888815545
1411 0.0187739249297603
1421 0.00982508795124826
1431 0.0225478251349207
1441 0.045480878321678
1451 0.0390630491963835
1461 0.00245234757046342
1471 0.0320529316835629
1481 0.0223070066319044
1491 0.0275355020896169
1501 0.0259224327683838
1511 0.0282135061228277
1521 0.00341998144825251
1531 0.0187643471456358
1541 0.0445472069404418
1551 0.05771299959707
1561 0.0756633395327304
1571 0.0322207084582438
1581 0.0197068971515346
1591 0.0393219759356915
1601 0.0152988659837301
1611 0.0271872986669814
1621 0.0206631374423609
1631 0.00669581269036579
1641 0.0413863954736331
1651 0.0158577781107949
1661 0.00124540656411165
1671 0.0110360271819077
1681 0.0255047076678148
1691 0.0398047946783238
1701 0.0429020492582706
1711 0.00201291334905251
1721 0.0387334535727568
1731 0.0571558299871677
1741 0.0240667588897079
1751 0.0452668132717826
1761 0.0219708440292745
1771 0.0230671612138873
1781 0.0192755540815583
1791 0.0324316688398305
1801 0.0452446900151342
1811 0.0125683772997141
1821 0.0294110898974802
1831 0.0339934049965511
1841 0.0383036352052275
1851 0.0536603321839331
1861 0.0522219214473028
1871 0.00631321147993935
1881 0.0112299881764457
1891 0.0243530097826676
1901 0.00897968333515564
1911 0.00170096457505631
1921 0.0422311813972054
1931 0.00578753195963477
1941 0.0190019136364898
1951 0.0399675816012137
1961 0.0248875916078179
1971 0.0665689474557438
1981 0.0145079943382882
1991 0.0227838226495027
2001 0.0287136397015177
2011 0.064656024127546
2021 0.0060338993009128
2031 0.0132814805211119
2041 0.00931666721171887
2051 0.0325241695843168
2061 0.0326857393966931
2071 0.0090213601649638
2081 0.0380012723997076
2091 0.0123687117708329
2101 0.0133798859560796
2111 0.028009791811539
2121 0.0520369147296789
2131 0.0371264302784735
2141 0.0281709242399848
2151 0.0172607655541084
2161 0.0125452365652281
2171 0.029898469695075
2181 0.0345956359496959
2191 0.0366523272314847
2201 0.0437960465603502
2211 0.0192890035489568
2221 0.0209659086007634
2231 0.0174981960956493
2241 0.0156252836720818
2251 0.0191446185635122
2261 0.0363220365490489
2271 0.00531991495620732
2281 0.00182504278417328
2291 0.0187266603873555
2301 0.00805391449109161
2311 0.00872343503405837
2321 0.00697511076024249
2331 0.0361426405657901
2341 0.0200607508992046
2351 0.0327202721994637
2361 0.0540487360642405
2371 0.0576076736216096
2381 0.038933366729367
2391 0.0268183966677764
2401 0.00681723633623932
2411 0.00563432822411913
2421 0.0372737027392711
2431 0.0427547660015715
2441 0.0137203567148916
2451 0.0287994302372732
2461 0.001427990561361
2471 0.00259461369128777
2481 0.0110543441650921
2491 0.0189147885216805
2501 0.0358553805674111
2511 0.0397134695974439
2521 0.00538431407575501
2531 0.0639838919244915
2541 0.0300736833753548
2551 0.0117028609265506
2561 0.00368493480392695
2571 0.0314429228589064
2581 0.000493085838907614
2591 0.0428874286298013
2601 0.0467334254902374
2611 0.0308275432891549
2621 0.0247529994526867
2631 0.0172879887389885
2641 0.0267108123446791
2651 0.0386288369690386
2661 0.0136947654412296
2671 0.00275697218922133
2681 0.0220548019249684
2691 0.0101590521337074
2701 0.045009396623759
2711 0.0601626698970348
2721 0.00220347885235661
2731 0.044100136167339
2741 0.00595535195706454
2751 0.0548360559456813
2761 0.00945645391108574
2771 0.0436061161639474
2781 0.0296857604180407
2791 0.0405836170866922
2801 0.00594636351256694
2811 0.0256335017066536
2821 0.0320878102147732
2831 0.0377095485020011
2841 0.0160181732709161
2851 0.0277698219978006
2861 0.0332239404490799
2871 0.00715846115518071
2881 0.00146870568292989
2891 0.00307023599196121
2901 0.00182946676517481
2911 0.0826690586009593
2921 0.0119834295065879
2931 0.0107846605519346
2941 0.0100267473149813
2951 0.0345684157741637
2961 0.0173977451105007
2971 0.0289690999994265
2981 0.0285585381464273
2991 0.0571248150282537
